0.000000000000000000e+00 -2.343197725658551639e-02
1.010101010101010187e-02 -2.407160448995523949e-02
2.020202020202020374e-02 8.546451560070273193e-03
3.030303030303030387e-02 4.219689489662568904e-02
4.040404040404040747e-02 5.561171613376756501e-02
5.050505050505051108e-02 7.357077732221128930e-02
6.060606060606060774e-02 1.261187885372461182e-01
7.070707070707071829e-02 6.366776555162634299e-02
8.080808080808081495e-02 -1.390492505524609790e-02
9.090909090909091161e-02 1.881146608000498488e-01
1.010101010101010222e-01 2.393953893583386505e-01
1.111111111111111188e-01 8.878033847594311856e-02
1.212121212121212155e-01 1.584266302303071750e-01
1.313131313131313260e-01 2.278189071954597744e-01
1.414141414141414366e-01 7.260672502472957646e-02
1.515151515151515194e-01 2.043111812790917581e-01
1.616161616161616299e-01 1.974738741556240351e-01
1.717171717171717404e-01 1.649532604383338319e-01
1.818181818181818232e-01 9.948509669939252509e-02
1.919191919191919338e-01 2.040895606819050356e-01
2.020202020202020443e-01 1.736490116657830041e-01
2.121212121212121271e-01 2.416009923978269802e-01
2.222222222222222376e-01 2.542061713595530903e-01
2.323232323232323482e-01 1.689134343425591211e-01
2.424242424242424310e-01 1.940501910032211841e-01
2.525252525252525415e-01 3.576850014821634227e-01
2.626262626262626521e-01 2.982073014737828820e-01
2.727272727272727626e-01 3.029830996135613463e-01
2.828282828282828731e-01 3.704322103022794632e-01
2.929292929292929282e-01 3.259011052825481203e-01
3.030303030303030387e-01 4.141241712980089917e-01
3.131313131313131493e-01 3.695783667820518592e-01
3.232323232323232598e-01 2.687434634665358812e-01
3.333333333333333703e-01 3.103360023515733257e-01
3.434343434343434809e-01 4.619838347127539491e-01
3.535353535353535914e-01 4.133196692784552040e-01
3.636363636363636465e-01 5.048106551779332207e-01
3.737373737373737570e-01 5.147671812701187788e-01
3.838383838383838675e-01 4.636607824036311776e-01
3.939393939393939781e-01 5.038137415761944071e-01
4.040404040404040886e-01 5.308401024958054881e-01
4.141414141414141992e-01 4.337806356139674024e-01
4.242424242424242542e-01 5.414144411581778282e-01
4.343434343434343647e-01 5.188933393892262158e-01
4.444444444444444753e-01 5.859814702711457768e-01
4.545454545454545858e-01 5.546537618141760273e-01
4.646464646464646964e-01 5.381374363693675056e-01
4.747474747474748069e-01 6.250891688155153503e-01
4.848484848484848619e-01 5.803306477292787813e-01
4.949494949494949725e-01 7.476596632501084638e-01
5.050505050505050830e-01 6.495481741649798968e-01
5.151515151515152491e-01 6.718771458670815822e-01
5.252525252525253041e-01 7.892540227427010668e-01
5.353535353535353591e-01 7.349144955085151754e-01
5.454545454545455252e-01 6.266861463968317336e-01
5.555555555555555802e-01 7.876658657000530361e-01
5.656565656565657463e-01 7.935007990898872432e-01
5.757575757575758013e-01 7.879786354905173873e-01
5.858585858585858563e-01 8.569992356626080499e-01
5.959595959595960224e-01 8.369984399950093357e-01
6.060606060606060774e-01 8.041352557433157910e-01
6.161616161616162435e-01 8.125650413351798163e-01
6.262626262626262985e-01 8.398046644908148117e-01
6.363636363636364646e-01 9.104623886130606136e-01
6.464646464646465196e-01 8.302624479566728111e-01
6.565656565656565746e-01 8.825852038791220933e-01
6.666666666666667407e-01 9.379472350869907382e-01
6.767676767676767957e-01 9.046298809315334033e-01
6.868686868686869618e-01 9.984297594315336699e-01
6.969696969696970168e-01 1.023729768773770976e+00
7.070707070707071829e-01 9.491419229104713917e-01
7.171717171717172379e-01 1.051372435901665625e+00
7.272727272727272929e-01 1.042112345359439640e+00
7.373737373737374590e-01 1.088973375014087530e+00
7.474747474747475140e-01 1.183564670474827718e+00
7.575757575757576801e-01 1.173265780889915177e+00
7.676767676767677351e-01 1.089136843274834954e+00
7.777777777777777901e-01 1.175078206035296668e+00
7.878787878787879562e-01 1.231094553790554436e+00
7.979797979797980112e-01 1.202415535386634593e+00
8.080808080808081773e-01 1.232185143135406946e+00
8.181818181818182323e-01 1.195822156704027250e+00
8.282828282828283983e-01 1.196798284136606272e+00
8.383838383838384534e-01 1.344854215926512886e+00
8.484848484848485084e-01 1.267582407709002101e+00
8.585858585858586745e-01 1.388636044698672523e+00
8.686868686868687295e-01 1.340207650719677401e+00
8.787878787878788955e-01 1.427689623347004888e+00
8.888888888888889506e-01 1.519471438277168129e+00
8.989898989898991166e-01 1.502922093757723010e+00
9.090909090909091717e-01 1.548257426225958744e+00
9.191919191919192267e-01 1.478763921234907519e+00
9.292929292929293927e-01 1.538489296872525669e+00
9.393939393939394478e-01 1.524712901117168284e+00
9.494949494949496138e-01 1.605380174617459188e+00
9.595959595959596689e-01 1.681621594734882263e+00
9.696969696969697239e-01 1.621257664155272282e+00
9.797979797979798899e-01 1.646075161016962385e+00
9.898989898989899450e-01 1.711447287940799145e+00
1.000000000000000000e+00 1.710691313590327667e+00
1.000000000000000000e+00 1.664160344621567589e+00
9.922472348358831740e-01 1.663367211379097155e+00
9.844944696717664590e-01 1.512435689754801693e+00
9.767417045076496329e-01 1.651660180359822094e+00
9.689889393435328069e-01 1.536882863410259592e+00
9.612361741794160919e-01 1.592223508566837475e+00
9.534834090152992658e-01 1.441982038401836919e+00
9.457306438511825508e-01 1.438842803423866279e+00
9.379778786870657248e-01 1.371894954543617429e+00
9.302251135229488987e-01 1.408052815303460381e+00
9.224723483588321837e-01 1.327440113762441420e+00
9.147195831947153577e-01 1.238679487302115412e+00
9.069668180305985317e-01 1.153503096250620974e+00
8.992140528664818167e-01 1.227799276015887120e+00
8.914612877023649906e-01 1.180427156869504612e+00
8.837085225382481646e-01 1.083404125733089307e+00
8.759557573741314496e-01 1.043163481780007285e+00
8.682029922100146235e-01 1.061800736977352111e+00
8.604502270458977975e-01 8.989477673213754905e-01
8.526974618817810825e-01 9.716127054871412927e-01
8.449446967176642564e-01 1.004028943893615633e+00
8.371919315535475414e-01 8.666571410160289757e-01
8.294391663894307154e-01 9.282660225894729944e-01
8.216864012253140004e-01 8.662610544659669065e-01
8.139336360611971743e-01 7.714073704184365443e-01
8.061808708970803483e-01 7.907754402499693747e-01
7.984281057329636333e-01 8.070468682410625316e-01
7.906753405688468073e-01 7.731898786600491791e-01
7.829225754047299812e-01 6.618207078779355657e-01
7.751698102406132662e-01 5.910984637433128741e-01
7.674170450764964402e-01 5.729337823014755138e-01
7.596642799123796141e-01 5.263886298450424217e-01
7.519115147482628991e-01 5.944767508824680968e-01
7.441587495841460731e-01 4.454225262045131140e-01
7.364059844200292471e-01 5.321114245126697950e-01
7.286532192559125320e-01 4.425596779663402702e-01
7.209004540917957060e-01 3.387622934662030127e-01
7.131476889276788800e-01 3.186046804916511377e-01
7.053949237635621650e-01 3.783553122359167853e-01
6.976421585994454500e-01 2.682805759941526147e-01
6.898893934353285129e-01 1.812740247447244823e-01
6.821366282712117979e-01 1.734435041522014442e-01
6.743838631070950829e-01 2.066074901035011291e-01
6.666310979429782568e-01 1.899240066165178709e-01
6.588783327788614308e-01 1.338357024886868696e-01
6.511255676147447158e-01 -7.630633184235902089e-03
6.433728024506278897e-01 1.050711847686000011e-01
6.356200372865110637e-01 -6.056348991188731379e-03
6.278672721223943487e-01 6.691623480931493950e-02
6.201145069582775227e-01 -2.599071429793702037e-02
