0.000000000000000000e+00 0.000000000000000000e+00
1.010101010101010187e-02 1.015219750653528763e-02
2.020202020202020374e-02 2.040746212728250519e-02
3.030303030303030387e-02 3.076684021994124940e-02
4.040404040404040747e-02 4.123138876504151007e-02
5.050505050505051108e-02 5.180217547378829224e-02
6.060606060606060774e-02 6.248027889700180637e-02
7.070707070707071829e-02 7.326678853516277456e-02
8.080808080808081495e-02 8.416280494957684155e-02
9.090909090909091161e-02 9.516943987466430777e-02
1.010101010101010222e-01 1.062878163313936142e-01
1.111111111111111188e-01 1.175190687418636859e-01
1.212121212121212155e-01 1.288643430450504557e-01
1.313131313131313260e-01 1.403247968137291135e-01
1.414141414141414366e-01 1.519015993725820746e-01
1.515151515151515194e-01 1.635959319175064319e-01
1.616161616161616299e-01 1.754089876361339950e-01
1.717171717171717404e-01 1.873419718295730174e-01
1.818181818181818232e-01 1.993961020353858249e-01
1.919191919191919338e-01 2.115726081518178869e-01
2.020202020202020443e-01 2.238727325632832166e-01
2.121212121212121271e-01 2.362977302671289692e-01
2.222222222222222376e-01 2.488488690016821270e-01
2.323232323232323482e-01 2.615274293756006951e-01
2.424242424242424310e-01 2.743347049985336294e-01
2.525252525252525415e-01 2.872720026131112547e-01
2.626262626262626521e-01 3.003406422282728361e-01
2.727272727272727626e-01 3.135419572539492883e-01
2.828282828282828731e-01 3.268772946371125698e-01
2.929292929292929282e-01 3.403480149992057502e-01
3.030303030303030387e-01 3.539554927749704039e-01
3.131313131313131493e-01 3.677011163526802129e-01
3.232323232323232598e-01 3.815862882158016500e-01
3.333333333333333703e-01 3.956124250860895142e-01
3.434343434343434809e-01 4.097809580681384123e-01
3.535353535353535914e-01 4.240933327953988474e-01
3.636363636363636465e-01 4.385510095776778972e-01
3.737373737373737570e-01 4.531554635501362505e-01
3.838383838383838675e-01 4.679081848237982566e-01
3.939393939393939781e-01 4.828106786375894188e-01
4.040404040404040886e-01 4.978644655119179863e-01
4.141414141414141992e-01 5.130710814038159651e-01
4.242424242424242542e-01 5.284320778636546478e-01
4.343434343434343647e-01 5.439490221934506486e-01
4.444444444444444753e-01 5.596234976067808731e-01
4.545454545454545858e-01 5.754571033903184141e-01
4.646464646464646964e-01 5.914514550670109116e-01
4.747474747474748069e-01 6.076081845609144771e-01
4.848484848484848619e-01 6.239289403636996134e-01
4.949494949494949725e-01 6.404153877028504471e-01
5.050505050505050830e-01 6.570692087115697078e-01
5.151515151515152491e-01 6.738921026004078829e-01
5.252525252525253041e-01 6.908857858306369781e-01
5.353535353535353591e-01 7.080519922893828699e-01
5.454545454545455252e-01 7.253924734665360141e-01
5.555555555555555802e-01 7.429089986334578288e-01
5.656565656565657463e-01 7.606033550235025142e-01
5.757575757575758013e-01 7.784773480143700741e-01
5.858585858585858563e-01 7.965328013123109674e-01
5.959595959595960224e-01 8.147715571382030397e-01
6.060606060606060774e-01 8.331954764155127258e-01
6.161616161616162435e-01 8.518064389601702757e-01
6.262626262626262985e-01 8.706063436723678883e-01
6.363636363636364646e-01 8.895971087303078395e-01
6.464646464646465196e-01 9.087806717859161498e-01
6.565656565656565746e-01 9.281589901625439953e-01
6.666666666666667407e-01 9.477340410546759575e-01
6.767676767676767957e-01 9.675078217296653182e-01
6.868686868686869618e-01 9.874823497315181609e-01
6.969696969696970168e-01 1.007659663086745372e+00
7.070707070707071829e-01 1.028041820512306526e+00
7.171717171717172379e-01 1.048630901625660972e+00
7.272727272727272929e-01 1.069429007156956324e+00
7.373737373737374590e-01 1.090438259163367007e+00
7.474747474747475140e-01 1.111660801245611729e+00
7.575757575757576801e-01 1.133098798766666082e+00
7.676767676767677351e-01 1.154754439072698258e+00
7.777777777777777901e-01 1.176629931716248301e+00
7.878787878787879562e-01 1.198727508681668219e+00
7.979797979797980112e-01 1.221049424612857148e+00
8.080808080808081773e-01 1.243597957043303559e+00
8.181818181818182323e-01 1.266375406628466482e+00
8.282828282828283983e-01 1.289384097380513072e+00
8.383838383838384534e-01 1.312626376905441372e+00
8.484848484848485084e-01 1.336104616642608711e+00
8.585858585858586745e-01 1.359821212106693711e+00
8.686868686868687295e-01 1.383778583132112328e+00
8.787878787878788955e-01 1.407979174119919019e+00
8.888888888888889506e-01 1.432425454287208133e+00
8.989898989898991166e-01 1.457119917919055929e+00
9.090909090909091717e-01 1.482065084623012119e+00
9.191919191919192267e-01 1.507263499586180444e+00
9.292929292929293927e-01 1.532717733834906504e+00
9.393939393939394478e-01 1.558430384497103027e+00
9.494949494949496138e-01 1.584404075067239237e+00
9.595959595959596689e-01 1.610641455674016509e+00
9.696969696969697239e-01 1.637145203350768075e+00
9.797979797979798899e-01 1.663918022308597422e+00
9.898989898989899450e-01 1.690962644212293586e+00
1.000000000000000000e+00 1.718281828459045091e+00
1.000000000000000000e+00 1.718281828459045091e+00
9.922472348358831740e-01 1.676296389048862689e+00
9.844944696717664590e-01 1.634635194370041678e+00
9.767417045076496329e-01 1.593295740348614320e+00
9.689889393435328069e-01 1.552275542249051288e+00
9.612361741794160919e-01 1.511572134524916233e+00
9.534834090152992658e-01 1.471183070670664339e+00
9.457306438511825508e-01 1.431105923074605268e+00
9.379778786870657248e-01 1.391338282872979004e+00
9.302251135229488987e-01 1.351877759805178325e+00
9.224723483588321837e-01 1.312721982070075288e+00
9.147195831947153577e-01 1.273868596183463264e+00
9.069668180305985317e-01 1.235315266836600312e+00
8.992140528664818167e-01 1.197059676755845015e+00
8.914612877023649906e-01 1.159099526563370564e+00
8.837085225382481646e-01 1.121432534638965972e+00
8.759557573741314496e-01 1.084056436982889782e+00
8.682029922100146235e-01 1.046968987079799351e+00
8.604502270458977975e-01 1.010167955763713987e+00
8.526974618817810825e-01 9.736511310840385569e-01
8.449446967176642564e-01 9.374163181726031802e-01
8.371919315535475414e-01 9.014613391117465291e-01
8.294391663894307154e-01 8.657840328034080990e-01
8.216864012253140004e-01 8.303822548392321146e-01
8.139336360611971743e-01 7.952538773716795184e-01
8.061808708970803483e-01 7.603967889861311669e-01
7.984281057329636333e-01 7.258088945739795683e-01
7.906753405688468073e-01 6.914881152066993941e-01
7.829225754047299812e-01 6.574323880108958740e-01
7.751698102406132662e-01 6.236396660443115358e-01
7.674170450764964402e-01 5.901079181727921785e-01
7.596642799123796141e-01 5.568351289482085242e-01
7.519115147482628991e-01 5.238192984873148994e-01
7.441587495841460731e-01 4.910584423515396146e-01
7.364059844200292471e-01 4.585505914277177020e-01
7.286532192559125320e-01 4.262937918097304824e-01
7.209004540917957060e-01 3.942861046810635095e-01
7.131476889276788800e-01 3.625256061982775613e-01
7.053949237635621650e-01 3.310103873753722503e-01
6.976421585994454500e-01 2.997385539690449185e-01
6.898893934353285129e-01 2.687082263648332692e-01
6.821366282712117979e-01 2.379175394641483976e-01
6.743838631070950829e-01 2.073646425721613618e-01
6.666310979429782568e-01 1.770476992865726018e-01
6.588783327788614308e-01 1.469648873872317907e-01
6.511255676147447158e-01 1.171143987266121123e-01
6.433728024506278897e-01 8.749443912112964128e-02
6.356200372865110637e-01 5.810322824330427238e-02
6.278672721223943487e-01 2.893899951475198407e-02
6.201145069582775227e-01 0.000000000000000000e+00
